0.53405892849
1.06811785698
1.60217678547
2.14784574509
2.69351458549
3.22757363319
3.75002264977
4.27247142792
4.79492044449
5.31736946106
5.85142850876
6.39709758759
6.94276618958
7.47682523727
7.99927425385
8.52172279358
9.03256225586
9.55501079559
10.077460289
10.5882987976
11.0991382599
11.6099767685
12.0279359818
12.445895195
12.8638544083
13.2818136215
13.6997728348
14.1061220169
14.512471199
14.9304304123
15.3483896255
15.7663488388
16.1726989746
16.5790481567
16.99700737
17.4149665833
17.8329238892
18.2508831024
18.6572322845
19.0635814667
19.4815406799
19.8994998932
20.3174591064
20.7354183197
21.1417675018
21.548116684
21.9660758972
22.3840351105
22.8019943237
23.219953537
23.6263027191
24.0326519012
24.4506111145
24.8685703278
25.286529541
25.6928787231
26.0992279053
26.5171871185
26.9351463318
27.353105545
27.7710647583
28.1774139404
28.5837631226
29.0017223358
29.4196815491
29.8376407623
30.2555999756
30.6619491577
31.0682983398
31.4862575531
31.9042167664
32.322177887
32.7285270691
33.1348762512
33.5528335571
33.9707946777
34.3887519836
34.8067131042
35.2246704102
35.6310195923
36.0373687744
36.455329895
36.8732872009
37.2912483215
37.6975975037
38.1039466858
38.5219039917
38.9398651123
39.3578224182
39.7757797241
40.1821289062
40.5884780884
41.006439209
41.4243965149
41.830745697
42.2370948792
42.6550559998
43.0730133057
43.4909744263
43.9089317322
44.3152809143
44.7216300964
45.139591217
45.5575485229
45.9755096436
46.3818588257
46.7882080078
47.2061653137
47.6241264343
48.0420837402
48.4600448608
48.866394043
49.2727432251
49.690700531
50.1086616516
50.5266189575
50.9445800781
51.3509292603
51.7572784424
52.1752357483
52.5931968689
53.0111541748
53.4175033569
53.8238525391
54.2418136597
54.6597709656
55.0777320862
55.4956893921
55.9020385742
56.3083877563
56.726348877
57.1443061829
57.5622673035
57.9802246094
58.3865737915
58.7929229736
59.2108840942
59.6288414001
60.0468025208
60.4531517029
60.859500885
61.2774581909
61.6954193115
62.1133766174
62.531337738
62.9376869202
63.3440361023
63.7619934082
64.1799545288
64.5979156494
65.0042648315
65.4106140137
65.8285675049
66.2465286255
66.6644897461
67.0824508667
67.4888000488
67.895149231
68.3131027222
68.7310638428
69.1490249634
69.5553741455
69.9617233276
70.3796844482
70.7976379395
71.2155990601
71.6335601807
72.0399093628
72.4462585449
72.8642196655
73.2821731567
73.7001342773
74.1180953979
74.5244445801
74.9307937622
75.3487548828
75.766708374
76.1846694946
76.5910186768
76.9973678589
77.4153289795
77.8332901001
78.2396392822
78.6459884644
79.0639419556
79.4819030762
79.8998641968
80.3178253174
80.7357788086
81.1421279907
81.5484771729
81.9664382935
82.3843994141
82.8023605347
83.2203140259
83.626663208
84.0330123901
84.4509735107
84.8689346313
85.2868881226
85.6932373047
86.0995864868
86.5175476074
86.935508728
87.3534698486
87.7714233398
88.177772522
88.5841217041
89.0020828247
89.4200439453
89.8380050659
90.244354248
90.6507034302
91.0686569214
91.486618042
91.9045791626
92.3225402832
92.7288894653
93.1352386475
93.5531921387
93.9711532593
94.3891143799
94.8070755005
95.2134246826
95.6197738647
96.037727356
96.4556884766
96.8736495972
97.2799987793
97.6863479614
98.104309082
98.5222625732
98.9402236938
99.3581848145
99.7645339966
100.170883179
100.588844299
101.006797791
101.424758911
101.831108093
102.237457275
102.655418396
103.073379517
103.491333008
103.909294128
104.315643311
104.721992493
105.139953613
105.557914734
105.975868225
106.393829346
106.800178528
107.20652771
107.624488831
108.042449951
108.460403442
108.866752625
109.273101807
109.691062927
110.109024048
110.526985168
110.94493866
111.351287842
111.757637024
112.175598145
112.593559265
113.011520386
113.417869568
113.82421875
114.242172241
114.660133362
115.078094482
115.496055603
115.902404785
116.308753967
116.726707458
117.144668579
117.5626297
117.98059082
118.386940002
118.793289185
119.211242676
119.617591858
120.02394104
120.441902161
120.859863281
121.277824402
121.695777893
122.102127075
122.520088196
122.926437378
123.344398499
123.762359619
124.18031311
124.598274231
125.016235352
125.434196472
125.852149963
126.258499146
126.676460266
127.082809448
127.48915863
127.907119751
128.325073242
128.731430054
129.149383545
129.567337036
129.973693848
130.3800354
130.79800415
131.215957642
131.633926392
132.040267944
132.446624756
132.864578247
133.282531738
133.700500488
134.118453979
134.536407471
134.942764282
135.349105835
135.767074585
136.185028076
136.602996826
137.009338379
137.41569519
137.833648682
138.251602173
138.669570923
139.075912476
139.482269287
139.900222778
140.31817627
140.73614502
141.154098511
141.560455322
141.966796875
142.384765625
142.802719116
143.220672607
143.638641357
144.04498291
144.451339722
144.869293213
145.287246704
145.705215454
146.123168945
146.529525757
146.93586731
147.35383606
147.771789551
148.189743042
148.596099854
149.014053345
149.420410156
149.838363647
150.256317139
150.66267395
151.069015503
151.486984253
151.904937744
152.322906494
152.740859985
153.147201538
153.55355835
153.971511841
154.389480591
154.807434082
155.225387573
155.631744385
156.038085938
156.456054688
156.874008179
157.291976929
157.698318481
158.116271973
158.534240723
158.940582275
159.358551025
159.764892578
160.17124939
160.589202881
161.007156372
161.425125122
161.831466675
162.237823486
162.655776978
163.073745728
163.491699219
163.90965271
164.316009521
164.722351074
165.140319824
165.558273315
165.976226807
166.382583618
166.788925171
167.206893921
167.624847412
168.042816162
168.460769653
168.867111206
169.273468018
169.691421509
170.109390259
170.52734375
170.933700562
171.340042114
171.757995605
172.175964355
172.593917847
173.011871338
173.418228149
173.824569702
174.242538452
174.660491943
175.078460693
175.484802246
175.891159058
176.309112549
176.72706604
177.14503479
177.562988281
177.969345093
178.375686646
178.793640137
179.211608887
179.629562378
180.047531128
180.453872681
180.860229492
181.278182983
181.696136475
182.114105225
182.520446777
182.926803589
183.34475708
183.762710571
184.180679321
184.598632812
185.004989624
185.411331177
185.829299927
186.247253418
186.665206909
187.071563721
187.489517212
187.895874023
188.313827515
188.731781006
189.149749756
189.556091309
189.96244812
190.380401611
190.798370361
191.216323853
191.634277344
192.040634155
192.446975708
192.864944458
193.282897949
193.70085144
194.11882019
194.525161743
194.931518555
195.349472046
195.767440796
196.185394287
196.59173584
196.998092651
197.416046143
197.834014893
198.251968384
198.669921875
199.076278687
199.482620239
199.900588989
200.31854248
200.73651123
201.142852783
201.549209595
201.967163086
202.385116577
202.803085327
203.221038818
203.62739563
204.033737183
204.451690674
204.869659424
205.287612915
205.693969727
206.100311279
206.518280029
206.936233521
207.354187012
207.772155762
208.178497314
208.584854126
209.002807617
209.420761108
209.838729858
210.245071411
210.651428223
211.069381714
211.487350464
211.905303955
212.311645508
212.729614258
213.159179688
213.577133179
213.995101929
214.401443481
214.807800293
215.225753784
215.643707275
216.061676025
216.479629517
216.885986328
217.292327881
217.710296631
218.128250122
218.546203613
218.952560425
219.358901978
219.776870728
220.194824219
220.61277771
221.03074646
221.448699951
221.855056763
222.261398315
222.679367065
223.085708618
223.49206543
223.910018921
224.327972412
224.734329224
225.140670776
225.558639526
225.976593018
226.382949829
226.789291382
227.207244873
227.625213623
228.043167114
228.461135864
228.879089355
229.297042847
229.703399658
230.109741211
230.527709961
230.945663452
231.363616943
231.769973755
232.176315308
232.582672119
233.00062561
233.406982422
233.824935913
234.242904663
234.660858154
235.067199707
235.485168457
235.903121948
236.321090698
236.739044189
237.156997681
237.563354492
237.981307983
238.399276733
238.805618286
239.223571777
239.629928589
240.04788208
240.46585083
240.89541626
241.324981689
241.766159058
242.195739746
242.636917114
243.078094482
243.519271851
243.94883728
244.366790771
244.784759521
245.202713013
245.620681763
246.038635254
246.456588745
246.874557495
247.292510986
247.698867798
248.105209351
248.523162842
248.941131592
249.359085083
249.777053833
250.195007324
250.612960815
251.042541504
251.472106934
251.901672363
252.331237793
252.772415161
253.213607788
253.654785156
254.095962524
254.513916016
254.931884766
255.349838257
255.767791748
256.185760498
256.603729248
257.010070801
257.416412354
257.834381104
258.252319336
258.670288086
259.076629639
259.483001709
259.900939941
260.307312012
260.713653564
261.131591797
261.549560547
261.967529297
262.385467529
262.803436279
263.221405029
263.627746582
264.034088135
264.452056885
264.870025635
265.287963867
265.694335938
266.10067749
266.51864624
266.936584473
267.354553223
267.772521973
268.178863525
268.585205078
269.003173828
269.421142578
269.839080811
270.257049561
270.663391113
271.069732666
271.487701416
271.905670166
272.323608398
272.729980469
273.136322021
273.554290771
273.972229004
274.390197754
274.808166504
275.214508057
275.620849609
276.038818359
276.456787109
276.874725342
277.281097412
277.687438965
278.105377197
278.523345947
278.941314697
279.359283447
279.765625
280.171966553
280.589935303
281.007873535
281.425842285
281.832183838
282.238555908
282.656494141
283.074462891
283.492431641
283.910369873
284.316741943
284.723083496
285.141052246
285.558990479
285.976959229
286.383300781
286.789642334
287.207611084
287.625579834
288.043518066
288.461486816
288.867828369
289.274200439
289.692138672
290.110107422
290.528076172
290.946014404
291.352386475
291.758728027
292.176696777
292.59463501
293.01260376
293.43057251
293.836914062
294.243255615
294.661224365
295.079193115
295.485534668
295.891876221
296.309844971
296.727783203
297.145751953
297.563720703
297.981658936
298.388031006
298.794372559
299.212341309
299.630279541
300.048248291
300.454589844
300.860961914
301.278900146
301.696868896
302.114837646
302.521179199
302.927520752
303.345489502
303.763427734
304.181396484
304.599365234
305.005706787
305.41204834
305.83001709
306.24798584
306.665924072
307.072296143
307.478637695
307.896606445
308.314544678
308.732513428
309.150482178
309.55682373
309.963165283
310.381134033
310.799072266
311.217041016
311.635009766
312.041351318
312.447692871
312.865661621
313.283630371
313.701568604
314.107940674
314.514282227
314.932250977
315.350189209
315.768157959
316.174499512
316.580841064
316.998809814
317.416778564
317.834747314
318.252685547
318.6590271
319.06539917
319.483337402
319.901306152
320.319274902
320.737213135
321.143585205
321.549926758
321.967895508
322.38583374
322.80380249
323.210144043
323.616516113
324.034454346
324.452423096
324.870391846
325.288330078
325.694702148
326.101043701
326.518981934
326.925354004
327.354919434
327.772888184
328.179229736
328.585571289
329.003540039
329.421478271
329.839447021
330.245788574
330.652160645
331.070098877
331.488067627
331.906036377
332.323974609
332.73034668
333.136688232
333.554656982
333.972595215
334.390563965
334.808532715
335.214874268
335.62121582
336.03918457
336.457122803
336.875091553
337.281433105
337.687805176
338.105743408
338.523712158
338.941680908
339.348022461
339.754364014
340.172332764
340.590301514
341.008239746
341.426208496
341.832550049
342.238891602
342.656860352
343.074829102
343.492797852
343.910736084
344.317077637
344.723449707
345.141387939
345.559356689
345.977325439
346.383666992
346.790008545
347.207977295
347.625946045
348.043884277
348.461853027
348.86819458
349.27456665
349.692504883
350.110473633
350.528442383
350.934783936
351.341125488
351.759094238
352.177032471
352.595001221
353.012969971
353.430908203
353.848876953
354.255218506
354.661590576
355.079528809
355.497497559
355.915466309
356.321807861
356.728149414
357.146118164
357.564086914
357.982025146
358.399993896
358.806335449
359.224304199
359.630645752
360.048614502
360.466583252
360.872924805
361.279266357
361.697235107
362.11517334
362.53314209
362.939483643
363.345855713
363.763793945
364.181762695
364.599731445
365.017669678
365.447235107
365.876831055
366.317993164
366.759185791
367.2003479
367.62991333
368.082702637
368.512298584
368.941864014
369.359802246
369.777770996
370.195739746
