0.383129239082
0.777868449688
1.18421769142
1.55573689938
1.92725622654
2.29877543449
2.65868473053
3.01859402657
3.36689329147
3.72680258751
4.08671188354
4.43501138687
4.78331041336
5.13160991669
5.4915189743
5.85142850876
6.21133756638
6.57124710083
6.91954612732
7.26784563065
7.6277551651
7.97605419159
8.32435321808
8.67265319824
9.03256225586
9.39247131348
9.75238037109
10.1006803513
10.4605894089
10.8204984665
11.1804075241
11.5403175354
11.8886165619
12.2369155884
12.5968255997
12.9567346573
13.3166437149
13.6765527725
14.0248527527
14.3847618103
14.756280899
15.1161899567
15.4760990143
15.8360090256
16.1959171295
16.5558280945
16.9157371521
17.2756462097
17.6355552673
17.995464325
18.3553733826
18.7152824402
19.0635814667
19.4118824005
19.7717914581
20.1317005157
20.4799995422
20.8282985687
21.1882076263
21.548116684
21.9080276489
22.2679367065
22.6394557953
22.9993648529
23.3592739105
23.7191829681
24.0790920258
24.4390010834
24.7873020172
25.1472110748
25.4955101013
25.8438091278
26.1921081543
26.5404071808
26.9003162384
27.2602272034
27.620136261
27.9684352875
28.316734314
28.6766433716
29.0365524292
29.4080715179
29.7795906067
30.1394996643
30.4878005981
30.8360996246
31.1960086823
31.5443077087
31.8926067352
32.2525177002
32.6124267578
32.9723358154
33.3206329346
33.6689338684
34.028842926
34.3887519836
34.7370529175
35.0853500366
35.4452590942
35.8051681519
36.1650772095
36.5249862671
36.8965072632
37.244808197
37.6047172546
37.9646263123
38.3245353699
38.6844444275
39.0443534851
39.4042625427
39.7525634766
40.1008605957
40.4723815918
40.8322906494
41.192199707
41.5521087646
41.9120178223
42.2719268799
42.6318359375
43.0033569336
43.374874115
43.7347831726
44.0946922302
44.4662132263
44.8261222839
45.1860313416
45.5459403992
45.9174575806
46.2657585144
46.625667572
46.9739685059
47.3338775635
47.6937866211
48.0536956787
48.4136047363
48.7851219177
49.1566429138
49.5049438477
49.8648529053
50.2247619629
50.5846710205
50.9445800781
51.3160972595
51.6876182556
52.0591392517
52.4190483093
52.7789573669
53.1388664246
53.4987754822
53.8586845398
54.2185935974
54.578502655
54.9268035889
55.2867126465
55.6582298279
56.0181388855
56.3780479431
56.7379570007
57.0978660583
57.457775116
57.8176841736
58.1892051697
58.5491142273
58.9090232849
59.280544281
59.6520614624
60.01197052
60.3718795776
60.7317886353
61.0916976929
61.463218689
61.8231277466
62.1830368042
62.5429458618
62.9028549194
63.2743759155
63.6458930969
64.0058059692
64.3657150269
64.7372360229
65.0971450806
65.4570541382
65.8169631958
66.1768722534
66.5483856201
66.9082946777
67.2682037354
67.6281204224
67.98802948
68.3595428467
68.7310638428
69.1025848389
69.474105835
69.8340148926
70.1939239502
70.5538330078
70.9137420654
71.2620391846
71.6219482422
71.9818572998
72.3417663574
72.701675415
73.0615844727
73.4214935303
73.7814025879
74.1413116455
74.5128326416
74.8727416992
75.2326507568
75.5925598145
75.9640808105
76.3239898682
76.6722869873
77.0321960449
77.3921051025
77.7520141602
78.1119232178
78.4602279663
78.8201370239
79.1800460815
79.5399551392
79.8882522583
80.2365493774
80.5964584351
80.9679794312
81.3395004272
81.7110214233
82.070930481
82.4308395386
82.7907485962
83.1506576538
83.5105667114
83.870475769
84.2303848267
84.5902938843
84.9502029419
85.3101119995
85.6584091187
86.0067138672
86.3666229248
86.7265319824
87.08644104
87.4463500977
87.7946472168
88.1545562744
88.514465332
88.8743743896
89.2342834473
89.6058044434
89.9773254395
90.3372344971
90.6971435547
91.0570526123
91.4169616699
91.7768707275
92.1367797852
92.5083007812
92.8682098389
93.216506958
93.5764160156
93.9363250732
94.2962341309
94.667755127
95.0160522461
95.3875732422
95.7474822998
96.1073913574
96.467300415
96.8272094727
97.1871185303
97.5470275879
97.9069366455
98.2668457031
98.6151428223
98.9750518799
99.3349609375
99.7064819336
100.054779053
100.41469574
100.774604797
101.134513855
101.494422913
101.85433197
102.214241028
102.585754395
102.957275391
103.328796387
103.700317383
104.048614502
104.40852356
104.768432617
105.139953613
105.488250732
105.84815979
106.208068848
106.567977905
106.927886963
107.287796021
107.647705078
108.019226074
108.39074707
108.750656128
109.110565186
109.470474243
109.841995239
110.201904297
110.561813354
110.921722412
111.28163147
111.641540527
112.013061523
112.361358643
112.709655762
113.05796051
113.406257629
113.766166687
114.126075745
114.474372864
114.822669983
115.170974731
115.519271851
115.86756897
116.215873718
116.552558899
116.900856018
117.260765076
117.609069824
117.957366943
118.305664062
118.66557312
119.013877869
119.350563049
119.698867798
120.047164917
120.395462036
120.743759155
121.092063904
121.440361023
121.788658142
122.136962891
122.473648071
122.810340881
123.158638
123.50693512
123.84362793
124.18031311
124.528617859
124.876914978
125.225212097
125.573509216
125.921813965
126.270111084
126.618408203
126.955101013
127.291786194
127.640090942
127.988388062
128.336685181
128.673370361
129.010070801
129.346755981
129.683441162
130.031738281
130.3800354
130.71673584
131.053421021
131.40171814
131.750015259
132.086715698
132.423400879
132.771697998
133.119995117
133.456680298
133.793380737
134.130065918
134.466751099
134.803451538
135.151748657
135.500045776
135.848342896
136.196640015
136.533325195
136.870025635
137.206710815
137.555007935
137.891693115
138.228393555
138.576690674
138.913375854
139.250061035
139.598358154
139.946670532
140.294967651
140.631652832
140.979949951
141.32824707
141.66494751
142.013244629
142.34992981
142.68661499
143.02331543
143.36000061
143.685073853
144.010162354
144.335235596
144.671920776
145.008621216
145.345306396
145.693603516
146.041900635
146.378585815
146.726898193
147.063583374
147.411880493
147.748565674
148.085250854
148.421951294
148.770248413
149.118545532
149.466842651
149.815139771
150.16343689
150.500137329
150.83682251
151.185119629
151.533416748
151.870117188
152.206802368
152.543487549
152.880172729
153.228485107
153.576782227
153.925079346
154.273376465
154.621673584
154.958358765
155.306671143
155.643356323
155.980041504
156.316726685
156.665023804
157.013336182
157.373245239
157.733154297
158.081451416
158.418136597
158.766433716
159.126342773
159.474639893
159.822952271
160.17124939
160.531158447
160.891067505
161.239364624
161.587661743
161.924346924
162.272644043
162.632553101
162.980865479
163.340774536
163.700683594
164.072189331
164.432098389
164.792022705
165.140319824
165.477005005
165.825302124
166.185211182
166.533508301
166.88180542
167.230117798
167.590026855
167.949935913
168.298233032
168.646530151
168.994827271
169.354736328
169.714645386
170.062942505
170.422851562
170.78276062
171.131057739
171.479354858
171.839263916
172.199172974
172.547485352
172.895782471
173.24407959
173.603988647
173.963897705
174.323806763
174.68371582
175.055236816
175.403533936
175.751831055
176.088516235
176.425216675
176.773513794
177.133422852
177.493331909
177.841629028
178.189926147
178.538223267
178.874923706
179.223220825
179.583129883
179.931427002
180.279724121
180.62802124
180.964706421
181.324615479
181.672927856
182.021224976
182.369522095
182.729431152
183.08934021
183.437637329
183.77432251
184.122619629
184.482528687
184.842453003
185.202362061
185.562271118
185.922180176
186.270477295
186.618774414
186.967071533
187.315368652
187.663665771
188.011962891
188.360275269
188.708572388
189.056869507
189.416778564
189.776687622
190.124984741
190.47328186
190.821578979
191.181488037
191.541397095
191.912918091
192.284439087
192.667572021
193.213241577
193.758911133
194.304580688
194.850250244
195.372695923
195.883529663
196.405975342
196.951644897
197.508926392
198.089431763
198.62348938
199.13432312
199.668380737
200.202438354
200.73651123
201.247344971
201.781402588
202.315460205
202.849517822
203.383575439
203.871200562
204.347213745
204.834823608
205.217956543
205.589477539
205.937774658
206.286071777
206.634368896
206.994277954
207.36579895
207.737319946
208.108840942
208.457138062
208.817047119
209.165344238
209.513641357
209.861953735
210.210250854
210.558547974
210.906845093
211.255142212
211.591827393
211.928527832
212.276824951
212.62512207
212.985031128
213.344940186
213.693237305
214.041534424
214.389831543
214.749740601
215.109649658
215.469558716
215.957183838
216.433197021
216.909194946
217.38520813
217.872833252
218.476547241
219.068664551
219.637542725
220.206436157
220.77532959
221.344207764
221.913101196
222.47038269
223.050872803
223.642990112
224.211883545
224.792373657
225.372879028
225.906936646
226.417770386
226.951828003
227.47428894
227.996734619
228.507568359
229.0184021
229.529251099
230.040084839
230.550918579
231.084991455
231.607437134
232.129882812
232.652328491
233.17477417
233.697235107
234.219680786
234.753738403
235.287796021
235.821853638
236.413970947
237.006072998
237.609786987
238.132247925
238.631469727
239.153915405
239.629928589
240.105941772
240.581939697
241.046340942
241.499130249
241.963531494
242.474365234
243.00843811
243.530883789
244.041717529
244.55255127
245.063400269
245.574234009
246.085067749
246.607528687
247.129974365
247.652420044
248.174865723
248.685714722
249.184936523
249.684173584
250.183395386
250.694229126
251.205078125
251.715911865
252.238357544
252.749206543
253.260040283
253.770874023
254.293334961
254.81578064
255.338226318
255.83744812
256.348297119
256.84753418
257.3699646
257.892425537
258.414855957
258.925720215
259.424926758
259.924163818
260.284088135
260.643981934
260.992279053
261.340576172
261.700500488
262.048797607
262.397094727
262.745391846
263.105316162
263.453613281
263.81350708
264.173431396
264.521728516
264.893249512
265.253143311
265.613067627
265.961364746
266.309661865
266.657958984
267.017852783
267.366149902
267.726074219
268.074371338
268.434295654
268.794189453
269.142486572
269.490783691
269.839080811
270.18737793
270.535675049
270.883972168
271.232299805
271.580596924
271.940490723
272.300415039
272.648712158
272.997009277
273.345306396
273.693603516
274.041900635
274.390197754
274.738494873
275.086791992
275.435089111
275.78338623
276.13168335
276.479980469
276.828308105
277.176605225
277.524902344
277.873199463
278.233093262
278.593017578
278.941314697
279.289611816
279.637908936
279.997802734
280.357727051
280.70602417
281.065948486
281.414245605
281.762542725
282.122436523
282.470733643
282.819030762
283.167327881
283.515655518
283.875549316
284.235473633
284.595367432
284.955291748
285.303588867
285.640258789
285.976959229
286.325256348
286.673553467
287.021850586
287.370147705
287.718444824
288.066741943
288.415039062
288.763336182
289.111663818
289.459960938
289.808258057
290.144927979
290.493225098
290.853149414
291.213043213
291.561340332
291.909667969
292.269561768
292.617858887
292.966156006
293.326080322
293.674377441
294.03427124
294.382568359
294.730865479
295.079193115
295.427490234
295.775787354
296.124084473
296.472381592
296.820678711
297.16897583
297.528869629
297.877197266
298.225494385
298.573791504
298.922088623
299.281982422
299.630279541
299.97857666
300.3152771
300.675201416
301.023498535
301.383392334
301.731689453
302.079986572
302.428283691
302.788208008
303.136505127
303.484802246
303.833099365
304.181396484
304.541320801
304.9012146
305.249511719
305.597808838
305.946105957
306.294403076
306.642730713
306.991027832
307.339324951
307.68762207
308.047515869
308.407440186
308.755737305
309.104034424
309.452331543
309.812225342
310.172149658
310.520446777
310.868743896
311.217041016
311.565338135
311.913635254
312.261932373
312.598632812
312.946929932
313.306854248
313.655151367
314.015045166
314.374969482
314.723266602
315.0831604
315.43145752
315.779754639
316.139678955
316.499572754
316.85949707
317.219390869
317.579315186
317.927612305
318.275909424
318.63583374
318.995727539
319.355651855
319.727172852
320.098693848
320.458587646
320.830108643
321.190002441
321.549926758
321.921447754
322.29296875
322.687713623
323.094055176
323.500396729
323.964813232
324.417602539
324.881988525
325.358001709
325.810791016
326.263580322
326.716369629
327.169158936
327.621948242
328.074737549
