0.522448956966
1.04489791393
1.57895684242
2.11301589012
2.67029476166
3.21596360207
3.76163268089
4.3073015213
4.85297060013
5.39863920212
5.94430828094
6.5015873909
7.04725599289
7.59292507172
8.13859367371
8.68426322937
9.24154186249
9.78721046448
10.3328800201
10.8785486221
11.4242172241
11.9814968109
12.5271654129
13.0728340149
13.6185035706
14.1641721725
14.7214508057
15.2787294388
15.8360090256
16.3932876587
16.9621772766
17.5426750183
18.1347846985
18.7385025024
19.3422222137
19.9111099243
20.4683895111
21.0140590668
21.5713367462
22.1053962708
22.6626758575
23.2083435059
23.7540130615
24.2996826172
24.8453502655
25.4026298523
25.9599094391
26.4939670563
27.0512466431
27.5969161987
28.142583847
28.6882534027
29.2339229584
29.7795906067
30.3252601624
30.8825397491
31.4282073975
31.9738769531
32.5311546326
33.0652160645
33.6224937439
34.1681632996
34.7138328552
35.2594985962
35.8051681519
36.362449646
36.908115387
37.4537849426
38.0110664368
38.545124054
39.1024017334
39.6364631653
40.1937408447
40.7394104004
41.2850799561
41.830745697
42.3764152527
42.9336967468
43.4909744263
44.0250320435
44.5823135376
45.1279792786
45.6736488342
46.2193183899
46.7649879456
47.322265625
47.8679351807
48.4136047363
48.9708824158
49.5049438477
50.0622215271
50.5962791443
51.1535606384
51.6992263794
52.2448959351
52.7905654907
53.3362350464
53.8819046021
54.4275741577
54.9848518372
55.5421295166
56.0877990723
56.6334686279
57.1791381836
57.7248077393
58.2704734802
58.8161430359
59.37342453
59.919090271
60.4647598267
61.0220413208
61.556098938
62.1133766174
62.6590461731
63.2047157288
63.7503852844
64.2960510254
64.8533325195
65.3990020752
65.9446716309
66.4903411865
67.0360107422
67.5932846069
68.1389541626
68.6846237183
69.2302932739
69.7759628296
70.3332443237
70.8789138794
71.4245758057
71.9702453613
72.515914917
73.0731964111
73.6188659668
74.1645355225
74.7102050781
75.2558746338
75.8131484985
76.3588180542
76.9044876099
77.461769104
77.9958267212
78.5531082153
79.0871658325
79.6444396973
80.1901092529
80.7357788086
81.2814483643
81.8271179199
82.3843994141
82.9300689697
83.4757385254
84.0330123901
84.5786819458
85.1243515015
85.6700210571
86.2156906128
86.7729721069
87.3186416626
87.8643035889
88.4099731445
88.9556427002
89.5129241943
90.05859375
90.6042633057
91.1499328613
91.695602417
92.2412643433
92.7869338989
93.3326034546
93.8782730103
94.4355545044
94.9812240601
95.5268936157
96.0841674805
96.6298370361
97.1755065918
97.7211761475
98.2668457031
98.8241271973
99.3697967529
99.9154663086
100.472740173
101.006797791
101.564079285
102.10974884
102.655418396
103.201087952
103.746757507
104.292427063
104.838096619
105.395370483
105.941040039
106.486709595
107.043991089
107.589660645
108.1353302
108.680992126
109.226661682
109.783943176
110.329612732
110.875282288
111.432563782
111.966621399
112.523895264
113.069564819
113.615234375
114.160903931
114.706573486
115.252243042
115.797912598
116.355194092
116.912467957
117.469749451
118.015419006
118.561088562
119.106758118
119.652427673
120.209701538
120.755371094
121.312652588
121.858322144
122.392379761
122.938049316
123.483718872
124.029388428
124.575057983
125.12071991
125.666389465
126.212059021
126.757728577
127.315010071
127.860679626
128.406341553
128.963623047
129.509292603
130.054962158
130.600631714
131.14630127
131.691970825
132.237640381
132.794921875
133.340591431
133.886260986
134.44354248
134.989196777
135.534866333
136.080535889
136.626205444
137.183486938
137.729156494
138.27482605
138.832107544
139.3777771
139.923446655
140.457504272
141.014785767
141.560455322
142.106124878
142.651794434
143.209060669
143.754730225
144.312011719
144.846069336
145.40335083
145.937408447
146.494689941
147.040359497
147.586029053
148.131698608
148.677368164
149.234649658
149.780319214
150.32598877
150.883255005
151.428924561
151.974594116
152.520263672
153.065933228
153.611602783
154.157272339
154.714553833
155.271835327
155.805892944
156.363174438
156.908843994
157.45451355
158.000183105
158.545852661
159.091522217
159.637191772
160.194458008
160.740127563
161.285797119
161.843078613
162.37713623
162.934417725
163.48008728
164.025756836
164.58303833
165.128707886
165.674377441
166.220046997
166.765716553
167.311386108
167.857055664
168.414321899
168.983215332
169.563720703
170.144210815
170.724716187
171.305206299
171.897323608
172.489425659
173.058319092
173.615600586
174.17288208
174.718551636
175.264221191
175.809890747
176.355545044
176.9012146
177.446884155
178.004165649
178.549835205
179.095504761
179.652786255
180.198455811
180.744125366
181.289794922
181.835464478
182.392745972
182.938415527
183.484085083
184.029754639
184.575408936
185.121078491
185.666748047
186.212417603
186.758087158
187.303756714
187.84942627
188.395095825
